   year   cwd  
  1981    16.0
  1982    11.0
  1983    12.0
  1984     8.0
  1985     8.0
  1986     7.0
  1987     8.0
  1988     8.0
  1989    15.0
  1990     6.0
  1991     7.0
  1992     7.0
  1993     7.0
  1994    10.0
  1995     9.0
  1996     9.0
  1997    11.0
  1998     5.0
  1999     5.0
  2000     7.0
  2001     7.0
  2002     9.0
  2003     8.0
  2004    10.0
  2005     5.0
  2006     8.0
  2007     6.0
  2008     7.0
  2009     5.0
  2010     6.0
  2011    12.0
  2012     7.0
  2013     6.0
  2014     5.0
  2015     7.0
