   year  R20mm
  1981    15.0
  1982    29.0
  1983    16.0
  1984    22.0
  1985    22.0
  1986    20.0
  1987    31.0
  1988    22.0
  1989    16.0
  1990    26.0
  1991    27.0
  1992    23.0
  1993    22.0
  1994    26.0
  1995    21.0
  1996    32.0
  1997    29.0
  1998    18.0
  1999    32.0
  2000    17.0
  2001    23.0
  2002    29.0
  2003    23.0
  2004    19.0
  2005    26.0
  2006    18.0
  2007    30.0
  2008    28.0
  2009    24.0
  2010    33.0
  2011    22.0
  2012    28.0
  2013    13.0
  2014    28.0
  2015    20.0
