   year    sdii
  1981     7.4
  1982     6.9
  1983     7.6
  1984     7.7
  1985     7.4
  1986     8.6
  1987     7.7
  1988     7.6
  1989     8.5
  1990     8.3
  1991     9.3
  1992     7.8
  1993     8.3
  1994     7.7
  1995     8.6
  1996     8.2
  1997     9.1
  1998     7.1
  1999     8.1
  2000     7.8
  2001     7.6
  2002     7.6
  2003     7.7
  2004     6.8
  2005     9.0
  2006     7.7
  2007     9.5
  2008     9.0
  2009     8.1
  2010     8.5
  2011     8.5
  2012     7.4
  2013     5.3
  2014     9.0
  2015     8.3
