   year  R10mm
  1981    43.0
  1982    34.0
  1983    27.0
  1984    34.0
  1985    45.0
  1986    33.0
  1987    42.0
  1988    36.0
  1989    45.0
  1990    41.0
  1991    46.0
  1992    33.0
  1993    39.0
  1994    32.0
  1995    44.0
  1996    39.0
  1997    42.0
  1998    28.0
  1999    42.0
  2000    33.0
  2001    36.0
  2002    32.0
  2003    33.0
  2004    30.0
  2005    40.0
  2006    32.0
  2007    43.0
  2008    46.0
  2009    38.0
  2010    44.0
  2011    40.0
  2012    36.0
  2013    12.0
  2014    33.0
  2015    31.0
