   year  R10mm
  1981    47.0
  1982    52.0
  1983    35.0
  1984    58.0
  1985    55.0
  1986    40.0
  1987    65.0
  1988    64.0
  1989    60.0
  1990    65.0
  1991    55.0
  1992    54.0
  1993    65.0
  1994    66.0
  1995    62.0
  1996    56.0
  1997    64.0
  1998    46.0
  1999    77.0
  2000    59.0
  2001    61.0
  2002    59.0
  2003    62.0
  2004    46.0
  2005    55.0
  2006    48.0
  2007    60.0
  2008    67.0
  2009    56.0
  2010    67.0
  2011    67.0
  2012    52.0
  2013    53.0
  2014    60.0
  2015    36.0
