   year  jan    feb    mar    apr    may    jun    jul    aug    sep    oct    nov    dec  annual
  1981    4.6    8.1   19.0   17.8   40.8   37.0   15.6   24.5   24.7   17.6   11.7    4.2   40.8
  1982    5.4   30.2   29.4   22.2   14.7   25.9   22.3   16.8    4.1   16.2    7.7   10.0   30.2
  1983    0.0    9.3   12.0   14.6   27.4   37.5   21.2    5.1   20.9   37.1   16.3   13.8   37.5
  1984    6.6    7.5   34.9   16.8   49.8   16.9   23.5   21.9   33.0   12.9    6.1   16.1   49.8
  1985    7.1    5.3   26.7   19.5   22.1   15.4   26.1   22.2   14.1   22.5   21.8    5.8   26.7
  1986    4.0   11.6   15.4   14.2   32.3   33.8   21.9   14.4   21.4   60.9   19.2    9.2   60.9
  1987    4.9   10.6   14.5   15.5   19.6   14.2   29.1   27.4   32.8   16.1   10.7   14.0   32.8
  1988    7.6   12.0   19.7   21.2   19.2   43.7   58.8   11.2   24.4   14.9   21.7    9.9   58.8
  1989    0.0    5.7   12.8   19.8   30.3   54.2   26.6   16.3   22.0   36.9   13.5    4.5   54.2
  1990    2.6   21.7   17.3   26.7   19.7   31.9   27.3   12.7   27.4   19.7   14.1   18.3   31.9
  1991   18.7    5.8    8.1   23.7   34.0   44.8   47.4   37.8   16.2   31.3   16.4    2.8   47.4
  1992    0.0    6.0   11.8   15.8   20.5   17.7   57.0    7.9   29.1   24.2    9.3   11.5   57.0
  1993    1.9    5.6   12.6   26.1   15.0   31.3   18.9   28.5   33.2   18.1   32.3   10.9   33.2
  1994    4.6   12.8   23.7   11.0   22.1   21.8   15.0   24.9   17.9   23.1    9.4    0.0   24.9
  1995    0.2   12.7   20.6   38.7   24.1   24.9   50.9   17.7   19.0   23.8    7.1    6.7   50.9
  1996    4.9   13.7   14.6   13.5   24.8   45.9   54.2   33.4   14.3   17.4   16.6    6.5   54.2
  1997    6.8    9.2   24.0   29.1   18.2   29.5   43.0   24.9   25.8   18.6   16.5    9.3   43.0
  1998    5.3   13.9    6.4   10.5   28.9   14.1   13.2   18.3   17.2   15.4    8.2    5.4   28.9
  1999   10.3   15.6   13.8   13.7   16.1   33.9   37.4   36.3   24.3   22.6    8.3    2.6   37.4
  2000    3.2    6.4   44.5   14.0   22.2   19.1   33.0   11.1   19.8   16.4    9.7    7.6   44.5
  2001    4.1    9.8   19.8   38.6   20.0   22.5   23.1    5.2   23.8   14.9   14.0    5.5   38.6
  2002   11.7    3.8   16.8   24.3   20.5   51.0   23.2   16.0   26.6   17.9   15.5    7.1   51.0
  2003    4.2    8.7   17.0   30.5   17.7   70.1   29.1   11.6   16.8   40.5   13.4    6.0   70.1
  2004    8.1    9.6    8.8   13.2   27.1   29.8   13.1    6.9   24.0   16.5   12.7   12.4   29.8
  2005    2.6   10.9   32.8   22.4   17.4   33.6   13.3   53.8   23.8   20.4   10.8    4.7   53.8
  2006    8.0    7.6   16.0   10.8   22.5   32.9   35.7   16.9   32.4   27.5    4.9    7.7   35.7
  2007    3.1   11.1   27.4   26.5   37.0   48.4   55.3   32.2   32.3   25.9    7.8   19.9   55.3
  2008    5.8    6.5   23.9   20.5   28.1   28.4   42.5   17.0   27.5   19.0   37.1   29.9   42.5
  2009    4.4   11.0   20.9   24.1   18.0   39.9   38.7   21.1   10.2   11.2    6.4   15.9   39.9
  2010   11.4   32.3   18.9   10.3   26.4   41.8   14.4   23.3   31.4   28.0   22.1    9.1   41.8
  2011    3.7   35.1    7.8   13.5   23.6   29.9   29.9   12.8   25.9   33.3   13.6    6.5   35.1
  2012    6.8   16.0   14.8   16.4   25.2   22.9   18.9   26.4   27.0   27.8    9.9    7.1   27.8
  2013   12.9    7.8   10.4   13.5   14.1   14.7   15.6    5.3   19.6   15.1    9.6    7.1   19.6
  2014    5.7   16.3   17.8   15.8   18.5   27.8   46.4   60.6   27.6   41.5   13.6    7.0   60.6
  2015    6.5   12.0   30.3   15.3   11.4   38.5   30.8    7.2   15.2   22.5   16.3    2.6   38.5
