   year  R20mm
  1981     6.0
  1982     7.0
  1983     6.0
  1984     7.0
  1985     7.0
  1986     7.0
  1987     8.0
  1988     9.0
  1989    10.0
  1990     7.0
  1991    16.0
  1992     7.0
  1993    10.0
  1994     6.0
  1995    11.0
  1996     7.0
  1997    12.0
  1998     2.0
  1999    12.0
  2000     5.0
  2001     7.0
  2002    10.0
  2003     6.0
  2004     5.0
  2005     7.0
  2006    10.0
  2007    19.0
  2008    14.0
  2009    11.0
  2010    14.0
  2011    11.0
  2012     6.0
  2013     0.0
  2014     9.0
  2015     9.0
