   year  jan    feb    mar    apr    may    jun    jul    aug    sep    oct    nov    dec  annual
  1981    5.9   20.4   49.4   39.3   77.5   91.9   43.9   26.8   53.1   40.4   25.9    7.7   91.9
  1982    9.4   50.0   45.1   51.4   36.7   61.7   42.2   23.6   19.2   50.0   14.6   14.2   61.7
  1983    0.1    9.7   34.1   41.2   49.5   73.2   34.1    5.2   56.1   45.1   19.5   25.0   73.2
  1984    7.0    9.5   64.6   34.4   77.6   48.2   48.4   45.3   69.4   39.8   23.3   16.1   77.6
  1985   10.8   10.4   35.5   31.5   62.0   33.4   64.9   31.9   34.2   64.5   46.1   11.1   64.9
  1986    4.0   31.8   37.1   50.7   50.1   51.4   58.9   14.4   40.9   78.2   23.6    9.2   78.2
  1987    7.9   29.4   37.0   23.2   47.5   26.0   33.5   56.5  101.3   39.5   23.7   25.1  101.3
  1988   15.7   27.9   44.0   50.6   62.4   83.3   63.0   11.3   42.6   35.3   28.6   26.5   83.3
  1989    0.0   10.8   36.9   51.3   96.0   96.2   71.0   35.4   41.0   63.1   20.3   20.3   96.2
  1990    9.9   35.3   24.1   48.5   44.5   88.9   61.7   15.5   31.3   47.2   26.1   50.4   88.9
  1991   21.6   17.4   25.7   50.4   86.1   98.5  109.3   39.7   42.5   68.7   29.7   13.5  109.3
  1992    0.0    8.4   42.1   42.8   47.1   48.3   62.6   11.0   67.5   57.2   29.1   23.9   67.5
  1993    3.5   16.0   42.4   38.9   34.1   66.9   61.1   28.5   53.3   44.6   46.5   43.7   66.9
  1994   13.2   16.1   31.5   39.1   47.4   56.5   28.8   24.9   52.1   49.6   23.6    0.0   56.5
  1995    0.2   14.2   47.0   67.0   55.0   84.8   97.6   35.1   43.0   43.0   46.9   16.7   97.6
  1996    9.5   31.7   38.3   30.6   62.3   67.1   56.4   47.9   27.2   35.6   32.5   24.6   67.1
  1997   12.2   22.4   57.4   77.5   43.4   76.2   43.0   39.4   67.5   40.8   39.2   23.0   77.5
  1998    9.9   27.0   11.8   23.0   59.3   44.0   33.7   18.3   40.5   29.6   18.0   10.4   59.3
  1999   16.0   40.8   41.9   25.7   40.0   61.2   71.3   50.9   59.2   52.8   30.8    5.2   71.3
  2000    3.9   15.5   51.4   35.4   44.7   41.4   58.6   44.6   40.1   50.8   26.6    9.3   58.6
  2001    7.3   19.4   28.4   66.6   61.5   62.0   42.0    5.4   56.5   28.0   41.3    9.8   66.6
  2002   17.2   13.4   26.2   67.2   51.8   87.6   42.8   19.4   27.7   56.5   21.4   15.2   87.6
  2003    6.6   19.6   26.8   55.9   30.7   97.2   40.2   21.1   36.7   70.0   35.5   11.7   97.2
  2004   17.3   23.0   27.4   30.1   72.9   52.1   30.7   18.1   53.2   40.5   27.6   15.1   72.9
  2005    5.8   22.1   57.3   32.5   45.3   48.5   18.0   53.8   63.0   54.0   45.9   17.7   63.0
  2006   14.3   19.8   32.0   37.6   67.0   78.0   59.3   60.4   63.2   38.3   28.0    8.8   78.0
  2007    6.9   28.4   48.7   59.8   51.8   79.4   98.1   51.0   67.9   53.5   15.9   23.0   98.1
  2008    5.8    7.7   32.2   54.3   66.7   55.7   68.6   33.7   63.1   28.6   44.8   66.2   68.6
  2009    8.1   30.0   38.7   47.3   56.8  102.6   73.7   35.3   26.7   22.2   15.6   18.3  102.6
  2010   12.6   43.9   51.7   33.2   58.2   68.5   34.9   38.9   58.2   60.8   44.2   13.8   68.5
  2011    8.1   77.5   21.6   30.4   43.6   44.0   64.2   25.0   59.6  106.3   29.4   11.4  106.3
  2012   11.2   41.7   26.2   38.3   50.5   51.6   37.7   40.6   48.5   62.3   38.1   16.7   62.3
  2013   25.8   12.4   24.1   18.2   24.0   38.3   23.6    6.5   33.3   30.3   25.3   16.4   38.3
  2014   19.6   32.4   40.9   29.3   39.2   94.2   60.6   60.6   71.8   44.6   26.0    8.6   94.2
  2015   14.6   31.2   65.5   42.8   26.8   63.5   38.2    8.3   31.1   42.9   47.6    3.0   65.5
