   year  jan    feb    mar    apr    may    jun    jul    aug    sep    oct    nov    dec  annual
  1981   10.2   29.5   29.9   65.5  168.1  253.3   35.5   17.2   34.2   51.3   54.4   57.6  253.3
  1982   25.6   22.7   46.5   75.4  145.3  168.1  141.8   15.8    7.4   60.4   54.2   28.9  168.1
  1983    5.5   11.8   37.3   42.7  136.3  180.8   31.6   16.3   69.7   29.6   36.7   25.6  180.8
  1984   12.0   22.4   49.9   47.1  100.1  138.8   85.2   44.2   44.3   92.3   36.2   38.8  138.8
  1985   37.4   26.3   48.5   31.3   70.1  112.1   79.0   66.7   49.5   56.4   67.1   32.6  112.1
  1986    5.5   22.8   43.5   46.4   60.9  125.0  180.0   27.9   62.0   53.2   32.3   14.9  180.0
  1987   15.7   19.8   35.8   24.0   89.2   94.5   89.7   82.6  151.1   93.2   38.1   30.8  151.1
  1988   14.0   20.9   37.7   64.4   88.5  129.2   60.5   15.8  101.3   86.8   41.6   41.6  129.2
  1989    9.3    8.3   32.1   48.2  100.5  149.7  110.0  106.0   47.5   70.8   27.2   22.6  149.7
  1990   23.8   55.8   30.3   54.9   80.6  184.0   62.8    8.0   51.8  109.4   70.1   74.9  184.0
  1991   37.1   30.5   29.9   61.6  106.2  134.7  176.4   75.5   11.0   52.3   63.7   14.6  176.4
  1992   11.0   26.2   35.1   34.3   92.4  148.3   41.0   10.2   43.6  149.5   68.2   30.2  149.5
  1993   13.9   30.6   69.3   58.6   54.6   97.4   61.8   24.2   53.0   90.6   77.7   69.8   97.4
  1994   32.9   26.7   26.3   58.8  109.0  168.2   75.8   19.7   72.6  137.6   66.5   38.4  168.2
  1995   13.8    6.8   53.3   63.9   74.8  149.1  143.3   89.9   95.2   50.0   66.6   40.2  149.1
  1996   10.6   21.2   40.6   80.1  141.9  133.7  174.2   95.6   21.5   53.6   58.3   34.8  174.2
  1997   15.3   31.0   76.9   64.7  115.8  235.8   43.4   13.7   24.2   84.3   66.3   67.3  235.8
  1998   24.4   24.4   18.8   56.1   95.8   90.9   86.6   41.0   17.6  136.1   53.6   30.8  136.1
  1999   18.0   28.1   23.6   77.8   69.6  129.3  140.9   60.7   41.5   53.9   64.5   23.6  140.9
  2000   14.9   32.4   34.2   45.6  102.8  136.4  143.4   42.1   21.6   28.8   42.3   39.7  143.4
  2001   38.9   19.0   43.9   84.1  103.1  115.2  123.7   11.9   93.2   75.4   65.7   34.6  123.7
  2002   21.0   22.4   13.4  104.6   63.5  127.0  184.8   61.5   32.4   98.2   59.3   34.2  184.8
  2003   14.3   30.8   41.7   63.6  143.4  142.4   91.9    9.4   36.7  139.5   62.9   43.3  143.4
  2004   39.3   24.2   35.0   40.2   66.0  172.3   89.2   12.2  101.6   65.3   57.7   30.6  172.3
  2005   22.6   30.9   58.5   45.7  156.5  157.0   27.6   21.3   67.9  144.4   69.1   39.1  157.0
  2006   27.6   16.5   35.4   31.8  135.3  146.4   91.6   23.1   65.4   93.6   32.8   18.9  146.4
  2007    9.0   34.6   57.4   62.3   64.4  158.3  146.8   95.2  102.0   75.5   58.9   40.9  158.3
  2008   13.6   21.0   49.6   69.3  153.4  155.9  136.2   30.8   52.4   49.8   58.7   88.2  155.9
  2009   17.3   16.1   40.1   53.5  147.3  215.9  258.5   18.9   20.6   34.8   38.3   37.3  258.5
  2010   19.8   45.2   35.7   49.8  110.0  130.8   83.8   75.6   74.7   87.5   71.0   51.3  130.8
  2011   34.6   34.3   44.9   47.9   83.8  158.1  102.8   26.3   76.2  124.1   37.5   26.0  158.1
  2012   13.1   25.5   22.6   32.8   92.0  159.6   95.1   13.2   62.5  127.5   61.3   32.9  159.6
  2013   15.3   23.8   68.3   49.5   83.7  140.4   70.4    7.1   74.0   38.4   70.5   35.2  140.4
  2014   35.5   24.9   44.1   58.4   74.8  160.1  204.6   43.9   75.1   50.1   25.6   55.0  204.6
  2015   14.0   51.7   48.8   39.5   57.5  235.7   91.9   11.7   11.6   74.7   61.1   17.2  235.7
