   year  jan    feb    mar    apr    may    jun    jul    aug    sep    oct    nov    dec  annual
  1981    7.4   15.4   12.8   28.1   97.7  114.0   14.3   17.2   14.7   25.6   28.0   30.7  114.0
  1982   23.1   12.7   28.7   52.9   47.6  104.5   86.3    8.2    7.4   45.6   30.2   25.8  104.5
  1983    2.4   11.8   21.5   15.4   66.8  102.7    8.6    8.8   34.1   29.6   22.0   12.4  102.7
  1984   11.0    7.9   18.6   18.7   42.9   61.9   44.4   19.5   22.8   49.2   13.2   30.7   61.9
  1985   21.9    5.9   40.4   23.2   31.5   58.4   46.0   22.9   21.1   31.1   23.5   12.8   58.4
  1986    4.5   10.6   22.3   25.3   35.3   36.6   92.6   22.4   56.4   52.4   17.2   13.5   92.6
  1987   11.8   12.2   16.7   15.2   54.7   24.0   69.6   51.2   59.7   34.8   10.8   29.3   69.6
  1988    6.4   13.7   21.8   25.4   64.4   49.7   42.8   14.8   65.2   45.5   20.4   14.9   65.2
  1989    4.8    6.1   15.7   17.4   41.3   56.0   39.8   53.1   29.2   29.5   11.0   12.9   56.0
  1990    7.7   25.1   12.3   21.4   24.1   73.8   62.8    7.6   25.4   49.4   33.0   29.0   73.8
  1991   21.3   14.6   12.9   22.8   39.0   70.7   42.1   52.7    9.2   28.3   31.6    7.9   70.7
  1992   10.9   11.3   17.0   20.2   38.2   79.3   33.8    6.5   32.1   69.5   30.5   20.8   79.3
  1993    4.6   21.9   18.5   31.0   21.2   66.1   42.9    6.3   22.0   37.6   38.1   15.8   66.1
  1994   18.4   16.1   12.6   23.0   47.6   63.5   63.7   15.2   67.3   65.1   25.0   17.8   67.3
  1995   10.4    3.8   22.1   24.4   26.7   53.9  119.7   50.5   58.7   18.1   27.7   13.6  119.7
  1996    6.8   17.6   30.3   43.7   40.6   90.8  138.3   48.0    9.0   34.8   27.3   13.4  138.3
  1997   14.5   12.9   27.9   32.5   36.8  100.8   38.8    8.0   22.7   44.1   17.0   21.3  100.8
  1998   24.4   11.5   18.4   28.6   39.5   43.5   74.6   40.1   10.8   93.2   21.6   16.1   93.2
  1999   13.2   18.8   10.7   39.5   26.7   43.7   50.9   55.9   19.6   28.2   22.8   23.6   55.9
  2000    8.9   18.2   14.5   22.6   48.3   62.2   55.7   12.1   14.8   20.8   15.6   19.8   62.2
  2001    3.0   12.3   21.8   32.3   53.4   42.7   83.5    8.1   72.1   30.2   40.3   17.0   83.5
  2002   12.2   11.9    8.3   38.6   37.8   65.4  120.8   39.2   16.6   64.8   28.6   13.1  120.8
  2003   10.5   14.6   18.4   35.4   61.6   64.3   48.5    6.9   27.4   68.1   24.5   21.6   68.1
  2004   34.5   11.9   14.8   27.2   30.8   86.4   31.2    8.8   57.2   46.5   18.5   20.5   86.4
  2005   10.6   14.7   32.9   29.0   57.2   67.5   22.1   20.6   19.3   73.1   24.6   23.5   73.1
  2006   18.6    9.3   19.7   12.8   50.2   74.7   55.8    6.0   60.3   56.0   15.3    9.5   74.7
  2007    6.5   23.5   31.6   33.0   19.9   47.6  139.4   33.5   57.8   41.2   21.5   20.3  139.4
  2008    5.8   10.6   23.7   23.8   55.2   87.4   69.4   29.9   47.3   33.6   45.9   30.9   87.4
  2009   13.0    9.2   15.2   16.2   47.7   75.0   86.2    8.0   15.9   17.5   30.0   25.2   86.2
  2010   11.4   43.8   18.2   24.8   49.9   40.7   52.9   55.0   37.2   37.5   47.7   30.3   55.0
  2011   11.5   30.9   16.3   18.0   37.3  109.5   68.0   18.5   75.6   44.8   26.6   13.1  109.5
  2012    5.5   11.9    8.8   16.9   36.9  102.4   43.8    6.8   34.9   53.3   27.1   12.7  102.4
  2013   11.0   20.8   27.3   18.5   42.3   68.4   40.1    5.8   60.6   38.4   30.0   18.2   68.4
  2014   14.3   13.3   25.7   27.1   29.3   95.2   83.3   43.9   58.7   33.5   17.0   33.4   95.2
  2015    6.4   37.4   22.5   14.8   26.7   84.4   61.2    7.6    7.0   50.1   33.5    8.3   84.4
