   year prcptot 
  1981  1209.3
  1982   926.9
  1983   755.1
  1984  1159.4
  1985  1151.9
  1986   895.9
  1987  1153.9
  1988  1247.3
  1989  1241.5
  1990  1044.7
  1991  1333.5
  1992   972.1
  1993  1179.8
  1994   937.7
  1995  1284.5
  1996  1119.0
  1997  1187.9
  1998   792.7
  1999  1237.7
  2000   892.5
  2001   979.1
  2002  1048.7
  2003  1027.0
  2004   990.8
  2005  1022.6
  2006   991.3
  2007  1257.6
  2008  1254.2
  2009   993.0
  2010  1248.6
  2011  1198.8
  2012   970.8
  2013   645.0
  2014   954.6
  2015   922.5
