   year    sdii
  1981    11.6
  1982    16.1
  1983    11.8
  1984    10.7
  1985     9.7
  1986    11.3
  1987    12.4
  1988    11.0
  1989     9.9
  1990    11.9
  1991    11.8
  1992    12.3
  1993    11.0
  1994    14.1
  1995    11.9
  1996    14.9
  1997    13.3
  1998    11.9
  1999    12.6
  2000    11.4
  2001    12.7
  2002    13.2
  2003    12.2
  2004    11.6
  2005    13.0
  2006    10.7
  2007    13.0
  2008    12.9
  2009    13.5
  2010    11.5
  2011    12.2
  2012    12.1
  2013    11.7
  2014    15.3
  2015    11.2
