1981  PRCPMISS   0   0   0   0   0   0   0   0   0   0   0   0   0
1981  TMAXMISS  31  28  31  30  31  30  31  31  30  31  30  31 365
1981  TMINMISS  31  28  31  30  31  30  31  31  30  31  30  31 365
1982  PRCPMISS   0   0   0   0   0   0   0   0   0   0   0   0   0
1982  TMAXMISS  31  28  31  30  31  30  31  31  30  31  30  31 365
1982  TMINMISS  31  28  31  30  31  30  31  31  30  31  30  31 365
1983  PRCPMISS   0   0   0   0   0   0   0   0   0   0   0   0   0
1983  TMAXMISS  31  28  31  30  31  30  31  31  30  31  30  31 365
1983  TMINMISS  31  28  31  30  31  30  31  31  30  31  30  31 365
1984  PRCPMISS   0   0   0   0   0   0   0   0   0   0   0   0   0
1984  TMAXMISS  31  29  31  30  31  30  31  31  30  31  30  31 366
1984  TMINMISS  31  29  31  30  31  30  31  31  30  31  30  31 366
1985  PRCPMISS   0   0   0   0   0   0   0   0   0   0   0   0   0
1985  TMAXMISS  31  28  31  30  31  30  31  31  30  31  30  31 365
1985  TMINMISS  31  28  31  30  31  30  31  31  30  31  30  31 365
1986  PRCPMISS   0   0   0   0   0   0   0   0   0   0   0   0   0
1986  TMAXMISS  31  28  31  30  31  30  31  31  30  31  30  31 365
1986  TMINMISS  31  28  31  30  31  30  31  31  30  31  30  31 365
1987  PRCPMISS   0   0   0   0   0   0   0   0   0   0   0   0   0
1987  TMAXMISS  31  28  31  30  31  30  31  31  30  31  30  31 365
1987  TMINMISS  31  28  31  30  31  30  31  31  30  31  30  31 365
1988  PRCPMISS   0   0   0   0   0   0   0   0   0   0   0   0   0
1988  TMAXMISS  31  29  31  30  31  30  31  31  30  31  30  31 366
1988  TMINMISS  31  29  31  30  31  30  31  31  30  31  30  31 366
1989  PRCPMISS   0   0   0   0   0   0   0   0   0   0   0   0   0
1989  TMAXMISS  31  28  31  30  31  30  31  31  30  31  30  31 365
1989  TMINMISS  31  28  31  30  31  30  31  31  30  31  30  31 365
1990  PRCPMISS   0   0   0   0   0   0   0   0   0   0   0   0   0
1990  TMAXMISS  31  28  31  30  31  30  31  31  30  31  30  31 365
1990  TMINMISS  31  28  31  30  31  30  31  31  30  31  30  31 365
1991  PRCPMISS   0   0   0   0   0   0   0   0   0   0   0   0   0
1991  TMAXMISS  31  28  31  30  31  30  31  31  30  31  30  31 365
1991  TMINMISS  31  28  31  30  31  30  31  31  30  31  30  31 365
1992  PRCPMISS   0   0   0   0   0   0   0   0   0   0   0   0   0
1992  TMAXMISS  31  29  31  30  31  30  31  31  30  31  30  31 366
1992  TMINMISS  31  29  31  30  31  30  31  31  30  31  30  31 366
1993  PRCPMISS   0   0   0   0   0   0   0   0   0   0   0   0   0
1993  TMAXMISS  31  28  31  30  31  30  31  31  30  31  30  31 365
1993  TMINMISS  31  28  31  30  31  30  31  31  30  31  30  31 365
1994  PRCPMISS   0   0   0   0   0   0   0   0   0   0   0   0   0
1994  TMAXMISS  31  28  31  30  31  30  31  31  30  31  30  31 365
1994  TMINMISS  31  28  31  30  31  30  31  31  30  31  30  31 365
1995  PRCPMISS   0   0   0   0   0   0   0   0   0   0   0   0   0
1995  TMAXMISS  31  28  31  30  31  30  31  31  30  31  30  31 365
1995  TMINMISS  31  28  31  30  31  30  31  31  30  31  30  31 365
1996  PRCPMISS   0   0   0   0   0   0   0   0   0   0   0   0   0
1996  TMAXMISS  31  29  31  30  31  30  31  31  30  31  30  31 366
1996  TMINMISS  31  29  31  30  31  30  31  31  30  31  30  31 366
1997  PRCPMISS   0   0   0   0   0   0   0   0   0   0   0   0   0
1997  TMAXMISS  31  28  31  30  31  30  31  31  30  31  30  31 365
1997  TMINMISS  31  28  31  30  31  30  31  31  30  31  30  31 365
1998  PRCPMISS   0   0   0   0   0   0   0   0   0   0   0   0   0
1998  TMAXMISS  31  28  31  30  31  30  31  31  30  31  30  31 365
1998  TMINMISS  31  28  31  30  31  30  31  31  30  31  30  31 365
1999  PRCPMISS   0   0   0   0   0   0   0   0   0   0   0   0   0
1999  TMAXMISS  31  28  31  30  31  30  31  31  30  31  30  31 365
1999  TMINMISS  31  28  31  30  31  30  31  31  30  31  30  31 365
2000  PRCPMISS   0   0   0   0   0   0   0   0   0   0   0   0   0
2000  TMAXMISS  31  29  31  30  31  30  31  31  30  31  30  31 366
2000  TMINMISS  31  29  31  30  31  30  31  31  30  31  30  31 366
2001  PRCPMISS   0   0   0   0   0   0   0   0   0   0   0   0   0
2001  TMAXMISS  31  28  31  30  31  30  31  31  30  31  30  31 365
2001  TMINMISS  31  28  31  30  31  30  31  31  30  31  30  31 365
2002  PRCPMISS   0   0   0   0   0   0   0   0   0   0   0   0   0
2002  TMAXMISS  31  28  31  30  31  30  31  31  30  31  30  31 365
2002  TMINMISS  31  28  31  30  31  30  31  31  30  31  30  31 365
2003  PRCPMISS   0   0   0   0   0   0   0   0   0   0   0   0   0
2003  TMAXMISS  31  28  31  30  31  30  31  31  30  31  30  31 365
2003  TMINMISS  31  28  31  30  31  30  31  31  30  31  30  31 365
2004  PRCPMISS   0   0   0   0   0   0   0   0   0   0   0   0   0
2004  TMAXMISS  31  29  31  30  31  30  31  31  30  31  30  31 366
2004  TMINMISS  31  29  31  30  31  30  31  31  30  31  30  31 366
2005  PRCPMISS   0   0   0   0   0   0   0   0   0   0   0   0   0
2005  TMAXMISS  31  28  31  30  31  30  31  31  30  31  30  31 365
2005  TMINMISS  31  28  31  30  31  30  31  31  30  31  30  31 365
2006  PRCPMISS   0   0   0   0   0   0   0   0   0   0   0   0   0
2006  TMAXMISS  31  28  31  30  31  30  31  31  30  31  30  31 365
2006  TMINMISS  31  28  31  30  31  30  31  31  30  31  30  31 365
2007  PRCPMISS   0   0   0   0   0   0   0   0   0   0   0   0   0
2007  TMAXMISS  31  28  31  30  31  30  31  31  30  31  30  31 365
2007  TMINMISS  31  28  31  30  31  30  31  31  30  31  30  31 365
2008  PRCPMISS   0   0   0   0   0   0   0   0   0   0   0   0   0
2008  TMAXMISS  31  29  31  30  31  30  31  31  30  31  30  31 366
2008  TMINMISS  31  29  31  30  31  30  31  31  30  31  30  31 366
2009  PRCPMISS   0   0   0   0   0   0   0   0   0   0   0   0   0
2009  TMAXMISS  31  28  31  30  31  30  31  31  30  31  30  31 365
2009  TMINMISS  31  28  31  30  31  30  31  31  30  31  30  31 365
2010  PRCPMISS   0   0   0   0   0   0   0   0   0   0   0   0   0
2010  TMAXMISS  31  28  31  30  31  30  31  31  30  31  30  31 365
2010  TMINMISS  31  28  31  30  31  30  31  31  30  31  30  31 365
2011  PRCPMISS   0   0   0   0   0   0   0   0   0   0   0   0   0
2011  TMAXMISS  31  28  31  30  31  30  31  31  30  31  30  31 365
2011  TMINMISS  31  28  31  30  31  30  31  31  30  31  30  31 365
2012  PRCPMISS   0   0   0   0   0   0   0   0   0   0   0   0   0
2012  TMAXMISS  31  29  31  30  31  30  31  31  30  31  30  31 366
2012  TMINMISS  31  29  31  30  31  30  31  31  30  31  30  31 366
2013  PRCPMISS   0   0   0   0   0   0   0   0   0   0   0   0   0
2013  TMAXMISS  31  28  31  30  31  30  31  31  30  31  30  31 365
2013  TMINMISS  31  28  31  30  31  30  31  31  30  31  30  31 365
2014  PRCPMISS   0   0   0   0   0   0   0   0   0   0   0   0   0
2014  TMAXMISS  31  28  31  30  31  30  31  31  30  31  30  31 365
2014  TMINMISS  31  28  31  30  31  30  31  31  30  31  30  31 365
2015  PRCPMISS   0   0   0   0   0   0   0   0   0   0   0   1   1
2015  TMAXMISS  31  28  31  30  31  30  31  31  30  31  30  31 365
2015  TMINMISS  31  28  31  30  31  30  31  31  30  31  30  31 365
