   year   cwd  
  1981    10.0
  1982     9.0
  1983     9.0
  1984    17.0
  1985    14.0
  1986    11.0
  1987     8.0
  1988    14.0
  1989    13.0
  1990    12.0
  1991    13.0
  1992    16.0
  1993     9.0
  1994    12.0
  1995     8.0
  1996     7.0
  1997     9.0
  1998    10.0
  1999    15.0
  2000    15.0
  2001    11.0
  2002     8.0
  2003    15.0
  2004     9.0
  2005     7.0
  2006     8.0
  2007    20.0
  2008    21.0
  2009     8.0
  2010    12.0
  2011    11.0
  2012    10.0
  2013    12.0
  2014     7.0
  2015     9.0
