   year prcptot 
  1981  1532.9
  1982  1692.3
  1983  1187.6
  1984  1876.7
  1985  1599.1
  1986  1342.4
  1987  1979.5
  1988  1774.1
  1989  1729.8
  1990  1760.0
  1991  1684.7
  1992  1592.6
  1993  1830.9
  1994  2051.4
  1995  1700.5
  1996  2023.4
  1997  1853.9
  1998  1424.9
  1999  2018.8
  2000  1518.2
  2001  1707.9
  2002  1854.4
  2003  1726.3
  2004  1454.3
  2005  1672.9
  2006  1504.4
  2007  1866.5
  2008  1963.0
  2009  1692.4
  2010  1984.7
  2011  1808.3
  2012  1677.8
  2013  1306.4
  2014  1724.4
  2015  1406.3
