   year   cdd  
  1981    13.0
  1982    22.0
  1983    56.0
  1984    20.0
  1985    14.0
  1986    27.0
  1987    10.0
  1988    33.0
  1989    42.0
  1990    18.0
  1991    25.0
  1992    64.0
  1993    30.0
  1994    31.0
  1995    84.0
  1996    29.0
  1997    42.0
  1998    22.0
  1999    18.0
  2000    35.0
  2001    25.0
  2002    16.0
  2003    23.0
  2004    17.0
  2005    36.0
  2006    23.0
  2007    43.0
  2008    22.0
  2009    23.0
  2010    14.0
  2011    23.0
  2012    36.0
  2013    25.0
  2014    33.0
  2015    28.0
