   year  Rnnmm
  1981   365.0
  1982   365.0
  1983   365.0
  1984   366.0
  1985   365.0
  1986   365.0
  1987   365.0
  1988   366.0
  1989   365.0
  1990   365.0
  1991   365.0
  1992   366.0
  1993   365.0
  1994   365.0
  1995   365.0
  1996   366.0
  1997   365.0
  1998   365.0
  1999   365.0
  2000   366.0
  2001   365.0
  2002   365.0
  2003   365.0
  2004   366.0
  2005   365.0
  2006   365.0
  2007   365.0
  2008   366.0
  2009   365.0
  2010   365.0
  2011   365.0
  2012   366.0
  2013   365.0
  2014   365.0
  2015   364.0
