   year   cdd  
  1981    22.0
  1982    21.0
  1983    38.0
  1984    19.0
  1985    14.0
  1986    24.0
  1987    14.0
  1988    17.0
  1989    27.0
  1990    19.0
  1991    26.0
  1992    33.0
  1993    25.0
  1994    24.0
  1995    33.0
  1996    20.0
  1997    36.0
  1998    34.0
  1999    32.0
  2000    28.0
  2001    24.0
  2002    17.0
  2003    33.0
  2004    19.0
  2005    26.0
  2006    26.0
  2007    36.0
  2008    21.0
  2009    24.0
  2010    37.0
  2011    20.0
  2012    30.0
  2013    25.0
  2014    40.0
  2015    31.0
