 year    SU
    1981   -99.9
    1982   -99.9
    1983   -99.9
    1984   -99.9
    1985   -99.9
    1986   -99.9
    1987   -99.9
    1988   -99.9
    1989   -99.9
    1990   -99.9
    1991   -99.9
    1992   -99.9
    1993   -99.9
    1994   -99.9
    1995   -99.9
    1996   -99.9
    1997   -99.9
    1998   -99.9
    1999   -99.9
    2000   -99.9
    2001   -99.9
    2002   -99.9
    2003   -99.9
    2004   -99.9
    2005   -99.9
    2006   -99.9
    2007   -99.9
    2008   -99.9
    2009   -99.9
    2010   -99.9
    2011   -99.9
    2012   -99.9
    2013   -99.9
    2014   -99.9
    2015   -99.9
